51263
3002190
24873435
4735
5852
60825
60822
121892
5284583
2266
2267
2265
2441
9433
10631
10413
163296
3052762
60648
3519
3085017
41693
62886
6321411
441383
6323490
54373
3348
5453
474409
3345
157920
157921
5533
451668
208898
7187
3062316
44146714
5625
110635
110634
55331
4033
6451164
1549007
460612
4725
32797
65866
60837
60834
60830
9930048
3749
3746
10184653
247
5284594
5311309
54671203
448812
150610
6435378
4828
4829
3690
6442177
3696
216237
5277135
37542
444030
20469
444013
16157882
46216142
193962
6436173
1548999
3355
41684
54746
123606
9690109
82148
92253
3005572
3324
5281081
10077129
3826
65981
60934
1775
65856
3086257
154058
4634
16230
12035
101526
3010818
60795
3086674
4659569
2732
5291
5484727
5288169
14888
60464
9869929
104865
23652731
16136912
1978
134780
41781
54684141
20279
16132265
5479
445643
160051
18381
3032
34312
25126797
47528
6433212
45375808
151165
9865528
70695640
31100
55480
392622
5388961
11658859
65999
6918250
11167602
53320414
6167
60814
51634
4740
65840
64139
3475
2182
2187
4609
2216
3011155
5280965
104741
2435
16220172
4510
11556711
24812758
3784
6918204
6238
4991
4999
3715
16134956
10182969
71348
71616
3331
1548954
5468
3339
2099
16129703
25077993
6006
47641
4195
4192
50599
151171
16130199
11597697
5361092
5352062
39147
24822371
82153
30323
131535
4775
4170
4171
4173
9571107
4178
9924495
16132418
10096344
3081884
25244225
154100
104758
44201342
16362
2088
2082
2083
5311221
10482134
5329102
163091
5078
5073
5070
5071
2405
2153
2159
5381
121749
54687
5481173
71158
1548943
10113978
5253
83898
28417
6251
3016
36294
5481350
123631
47811
1003
4189
4184
5665
446596
2881
208908
208902
3878
5719
5717
51038
644241
6337614
3902
60871
60877
39042
92974
119569
2519
25074470
3494
2094
2092
3657
6324671
2520
4493
6509979
2708
5324345
6419957
60699
4409
84029
14476155
6252
923
10531
5391
53232
5394
82146
636380
3476
71360
3478
12993649
16132441
44563
5487
219078
5245
1727
9838021
6918554
6918558
37720
71306834
3009
16137271
11504294
5359476
5656
2895
5281040
25151504
5282226
3869
4086
3738
126941
59226
89594
11672602
4369359
5994
60846
4158
60843
64780
56329
124087
65492
16132438
468595
107807
43815
5909
5280954
2554
64142
64147
60198
4893
2771
16004692
5273759
2179
6602291
3261
6918493
3463
3033825
37392
59768
60779
11561674
2955
54686904
447043
3108
68844
156418
47725
4091
5734
42890
5732
55245
446156
446157
446155
119607
73491
60852
60853
60855
60857
65028
153941
5284537
73303
5742832
3672
3676
2541
5284627
56338
5002
2764
11519069
5479530
5479537
68740
2161
2162
71301
3454
6918155
10034073
5312125
14969
6918537
25102847
158781
146570
16129690
6850789
6328144
50224
216416
5358
6917715
2375
9881504
24965990
39186
5743
5582
5282379
213046
6450551
259331
70683012
12536
92721
15950376
4436
65016
65014
150311
2826718
44201343
42611257
5961
3661
2284
5284616
4539
2578
5311068
5311065
5035
4946
2118
104799
134018
452548
37464
6918638
60714
6918140
3446
3440
2756
2754
57363
2022
33613
5212
219024
13109
16129688
772
175804
16129682
2973
5281104
6918456
6918453
77998
5328940
83030
77990
77993
77992
5281071
9854489
25181561
3001028
3121
5388906
16129704
5757
5754
4236
5596
3948
9852981
11626560
47319
5284513
4054
4051
5353562
5487301
3036505
5284603
9887712
10917
2369
2366
5029
2585
39860
4440
3724
4449
2733525
358641
4932
70788982
5360373
5578
6058
125017
62819
21319
71329
60706
5311101
4594
4595
2749
4845
33624
168924
25077649
6918289
16129672
25081014
3042
148192
5379
44257
446541
5281006
5281004
5362420
5282381
23690938
31401
5768
4205
27661
3958
3957
74989
6432
5280453
2724385
9579578
9578005
22318
5462337
5284566
5284569
38904
23951
969472
23957
5281107
60953
657180
56841124
55891
2351
11234049
5486971
3736
3730
2130
5329098
24776445
16850
60772
60774
62959
4585
4583
5493444
60606
3559
33741
4174
16129665
40703
29327
598
72165
5362129
5362123
3386
3385
3380
4212
444
5771
5775
9926791
26757
24826799
213039
31307
35370
107969
44564107
3899
11304743
170361
5284570
24821094
5352019
4075
3964
3961
60946
3639
3637
5360515
6435110
9444
41867
3702
4463
439693
54454
3414
137
56959
5702160
11949646
4485
42113
3081361
2907
16130965
5493381
3033637
132971
9966051
5362440
5362118
3152
3157
3158
16136245
5403
5401
29029
6918313
44567678
441401
115237
60164
6604100
216235
216239
16131215
159269
3883
9578572
5284543
10324367
5311027
657237
5360696
153994
443872
154256
3002977
6005
43672
4679
4673
2249
15951529
31703
6918670
60752
60751
63009
36462
9871419
54840
441335
44462760
9651
5090
5095
4497
2662
4499
149096
3000226
23668479
2802
2803
2801
5281037
3365
2156
115355
4274
5556
9875401
5362070
108150
129211
5361917
5282411
6445540
19090
3397
166548
55283
60961
4011
65139
449193
13559281
449171
444795
65628
11707110
6013
6018
2477
2474
2471
57469
5152
2478
60749
3083544
441193
2789
3034010
10607
9916860
54891
71386
71384
9642
3052775
387447
36523
176870
466146
216326
1983
6321408
26275995
168708
2818
18283
10220503
5426
5288826
156391
119182
5526
129228
9868491
9854073
11467166
5280754
